Graph: 21 nodes
-------------------------------------------
[0,1,1,1,1,1,0,0,0,0,0,0,0,0,0,0,0,0,0,0,0]
[1,0,0,0,0,0,1,1,1,0,0,0,0,0,0,0,0,0,0,0,0]
[1,0,0,0,0,0,0,0,0,1,1,1,0,0,0,0,0,0,0,0,0]
[1,0,0,0,0,0,0,0,0,0,0,0,1,1,1,0,0,0,0,0,0]
[1,0,0,0,0,0,0,0,0,0,0,0,0,0,0,1,1,1,0,0,0]
[1,0,0,0,0,0,0,0,0,0,0,0,0,0,0,0,0,0,1,1,1]
[0,1,0,0,0,0,0,0,0,1,0,0,1,0,0,1,0,0,1,0,0]
[0,1,0,0,0,0,0,0,0,0,1,0,0,1,0,0,1,0,0,1,0]
[0,1,0,0,0,0,0,0,0,0,0,1,0,0,1,0,0,1,0,0,0]
[0,0,1,0,0,0,1,0,0,0,0,0,0,1,0,0,0,1,0,0,0]
[0,0,1,0,0,0,0,1,0,0,0,0,0,0,1,1,0,0,0,0,0]
[0,0,1,0,0,0,0,0,1,0,0,0,1,0,0,0,1,0,0,0,1]
[0,0,0,1,0,0,1,0,0,0,0,1,0,0,0,0,0,0,0,1,0]
[0,0,0,1,0,0,0,1,0,1,0,0,0,0,0,0,0,0,0,0,1]
[0,0,0,1,0,0,0,0,1,0,1,0,0,0,0,0,0,0,1,0,0]
[0,0,0,0,1,0,1,0,0,0,1,0,0,0,0,0,0,0,0,0,1]
[0,0,0,0,1,0,0,1,0,0,0,1,0,0,0,0,0,0,1,0,0]
[0,0,0,0,1,0,0,0,1,1,0,0,0,0,0,0,0,0,0,1,0]
[0,0,0,0,0,1,1,0,0,0,0,0,0,0,1,0,1,0,0,0,0]
[0,0,0,0,0,1,0,1,0,0,0,0,1,0,0,0,0,1,0,0,0]
[0,0,0,0,0,1,0,0,0,0,0,1,0,1,0,1,0,0,0,0,0]
-------------------------------------------
Automorphism: 3x5
-------------------------------------------
[1,8,7]
[3,17,13]
[4,11,19]
[5,20,10]
[6,14,16]
-------------------------------------------
